0.0	0.0060257865116000175	
1.0	0.980946958065033	
0.0	0.005679128225892782	
0.0	0.0060257865116000175	
0.0	0.02199583500623703	
0.0	0.05956435203552246	
1.0	0.9805487394332886	
0.0	0.006310712546110153	
1.0	0.9799853563308716	
0.0	0.008177705109119415	
1.0	0.9798005819320679	
0.0	0.006024960894137621	
0.0	0.0013314354000613093	
0.0	0.006837483495473862	
0.0	0.0014719904866069555	
0.0	0.008041136898100376	
0.0	0.007333923596888781	
1.0	0.9798005819320679	
0.0	0.023166658356785774	
0.0	0.007145738694816828	
0.0	0.007900104857981205	
0.0	0.008211219683289528	
0.0	0.006837483495473862	
0.0	0.00587016437202692	
0.0	0.008041136898100376	
1.0	0.981289267539978	
0.0	0.05913497880101204	
0.0	0.006490750703960657	
0.0	0.006661038380116224	
0.0	0.0019401614554226398	
0.0	0.005679128225892782	
0.0	0.006392593029886484	
0.0	0.00914105586707592	
0.0	0.022811371833086014	
0.0	0.006913478951901197	
0.0	0.007333923596888781	
0.0	0.05913497880101204	
1.0	0.981423020362854	
0.0	0.00677009392529726	
0.0	0.00655845832079649	
0.0	0.022811371833086014	
0.0	0.006837483495473862	
0.0	0.00677009392529726	
0.0	0.00677009392529726	
0.0	0.006913478951901197	
0.0	0.0452786460518837	
0.0	0.007591777015477419	
0.0	0.07564494758844376	
0.0	0.023166658356785774	
0.0	0.00781334936618805	
0.0	0.008211219683289528	
0.0	0.00677009392529726	
1.0	0.9816600680351257	
0.0	0.006883862428367138	
0.0	0.0055611999705433846	
0.0	0.0070082638412714005	
0.0	0.0059007019735872746	
0.0	0.006182193756103516	
0.0	0.006883862428367138	
0.0	0.006886607501655817	
0.0	0.022368622943758965	
0.0	0.0017076398944482207	
1.0	0.9813550114631653	
0.0	0.002213041065260768	
1.0	0.9799853563308716	
0.0	0.007175648119300604	
1.0	0.9819936156272888	
0.0	0.006024960894137621	
0.0	0.006053882651031017	
0.0	0.007900104857981205	
0.0	0.008486699312925339	
0.0	0.042383868247270584	
0.0	0.006053882651031017	
0.0	0.0014719904866069555	
0.0	0.022811371833086014	
0.0	0.0066956630907952785	
0.0	0.00796804204583168	
0.0	0.0013314354000613093	
0.0	0.007145738694816828	
0.0	0.001405738410539925	
0.0	0.009381292387843132	
0.0	0.022431373596191406	
0.0	0.006390043534338474	
0.0	0.02199583500623703	
0.0	0.005679128225892782	
0.0	0.006444431841373444	
1.0	0.9821120500564575	
1.0	0.9798005819320679	
0.0	0.006182193756103516	
0.0	0.0071566603146493435	
0.0	0.009381292387843132	
0.0	0.006053882651031017	
0.0	0.0060257865116000175	
0.0	0.00914105586707592	
0.0	0.006913478951901197	
0.0	0.006182193756103516	
0.0	0.00706519978120923	
0.0	0.007175648119300604	
0.0	0.02199583500623703	
0.0	0.022811371833086014	
0.0	0.0066956630907952785	
0.0	0.07627642899751663	
0.0	0.008709889836609364	
0.0	0.046184130012989044	
0.0	0.008486699312925339	
0.0	0.008041136898100376	
0.0	0.00677009392529726	
0.0	0.006883862428367138	
0.0	0.00655845832079649	
0.0	0.04291728138923645	
0.0	0.023558812215924263	
0.0	0.0070082638412714005	
0.0	0.006392593029886484	
0.0	0.005679128225892782	
0.0	0.001405738410539925	
1.0	0.9807267785072327	
0.0	0.005679128225892782	
0.0	0.05083651468157768	
0.0	0.022431373596191406	
0.0	0.05427587404847145	
0.0	0.0076975044794380665	
0.0	0.007145738694816828	
0.0	0.008211219683289528	
0.0	0.007612955756485462	
0.0	0.023251283913850784	
0.0	0.023251283913850784	
0.0	0.006883862428367138	
0.0	0.0013314354000613093	
0.0	0.0066956630907952785	
0.0	0.008709889836609364	
0.0	0.007145738694816828	
0.0	0.006182193756103516	
0.0	0.0071566603146493435	
0.0	0.023166658356785774	
0.0	0.02199583500623703	
0.0	0.023166658356785774	
0.0	0.00655845832079649	
0.0	0.0059007019735872746	
0.0	0.023251283913850784	
1.0	0.9799455404281616	
0.0	0.006886607501655817	
0.0	0.006024960894137621	
0.0	0.0016936161555349827	
0.0	0.006182193756103516	
0.0	0.007397024892270565	
0.0	0.007145738694816828	
0.0	0.0013941904762759805	
0.0	0.006913478951901197	
1.0	0.9809360504150391	
0.0	0.0071566603146493435	
0.0	0.06828034669160843	
0.0	0.007397024892270565	
0.0	0.06334266066551208	
0.0	0.00655845832079649	
0.0	0.006182193756103516	
0.0	0.05956435203552246	
0.0	0.008041136898100376	
0.0	0.02199583500623703	
0.0	0.006490750703960657	
0.0	0.007145738694816828	
1.0	0.981289267539978	
1.0	0.9795674085617065	
0.0	0.00677009392529726	
0.0	0.0071566603146493435	
0.0	0.006310712546110153	
0.0	0.06278157234191895	
1.0	0.9819936156272888	
0.0	0.006390043534338474	
0.0	0.006324063055217266	
0.0	0.04454144090414047	
0.0	0.04932509362697601	
0.0	0.0071566603146493435	
0.0	0.06828034669160843	
1.0	0.9787823557853699	
0.0	0.008177705109119415	
0.0	0.07561002671718597	
1.0	0.981289267539978	
0.0	0.007175648119300604	
0.0	0.023166658356785774	
0.0	0.006913478951901197	
0.0	0.003184414468705654	
0.0	0.007612955756485462	
0.0	0.0683121308684349	
0.0	0.0021097620483487844	
0.0	0.008211219683289528	
0.0	0.006883862428367138	
0.0	0.0016174050979316235	
0.0	0.007900104857981205	
1.0	0.9809360504150391	
0.0	0.0013314354000613093	
0.0	0.002213041065260768	
1.0	0.9798005819320679	
1.0	0.9816535115242004	
0.0	0.0016174050979316235	
1.0	0.9824438691139221	
0.0	0.054739534854888916	
0.0	0.0014719904866069555	
0.0	0.0017880949890241027	
0.0	0.001405738410539925	
0.0	0.006444431841373444	
0.0	0.002227403922006488	
1.0	0.981289267539978	
0.0	0.0020681482274085283	
0.0	0.0013314354000613093	
0.0	0.0014719904866069555	
0.0	0.0017076398944482207	
0.0	0.007253339979797602	
0.0	0.07561002671718597	
0.0	0.003184414468705654	
0.0	0.0071566603146493435	
0.0	0.007175648119300604	
0.0	0.0016936161555349827	
0.0	0.002227403922006488	
0.0	0.00796804204583168	
0.0	0.00706519978120923	
0.0	0.0013314354000613093	
0.0	0.006709822919219732	
0.0	0.02199583500623703	
0.0	0.0017076398944482207	
1.0	0.9795674085617065	
0.0	0.0013314354000613093	
1.0	0.9819936156272888	
0.0	0.001405738410539925	
0.0	0.0016174050979316235	
0.0	0.0017076398944482207	
0.0	0.002020995132625103	
0.0	0.0019401614554226398	
1.0	0.981423020362854	
0.0	0.007067207247018814	
0.0	0.0017880949890241027	
0.0	0.0017076398944482207	
0.0	0.0017880949890241027	
0.0	0.0029456892516463995	
0.0	0.022368622943758965	
0.0	0.0019401614554226398	
0.0	0.00796804204583168	
0.0	0.0016174050979316235	
0.0	0.0013314354000613093	
1.0	0.9815576076507568	
0.0	0.006837483495473862	
0.0	0.001405738410539925	
0.0	0.0019401614554226398	
0.0	0.0017076398944482207	
0.0	0.0017880949890241027	
0.0	0.0020483657717704773	
0.0	0.0025165346451103687	
1.0	0.9807267785072327	
0.0	0.0017076398944482207	
1.0	0.9821120500564575	
0.0	0.0016174050979316235	
0.0	0.0023836588952690363	
0.0	0.0029456892516463995	
0.0	0.0023836588952690363	
0.0	0.0020681482274085283	
0.0	0.0013941904762759805	
0.0	0.0017880949890241027	
0.0	0.002227403922006488	
0.0	0.002020995132625103	
0.0	0.003184414468705654	
1.0	0.981764018535614	
0.0	0.0029456892516463995	
0.0	0.002227403922006488	
0.0	0.00706519978120923	
1.0	0.9809360504150391	
0.0	0.002213041065260768	
1.0	0.981764018535614	
0.0	0.0021097620483487844	
0.0	0.002020995132625103	
0.0	0.002183474600315094	
0.0	0.0016174050979316235	
0.0	0.001914234017021954	
0.0	0.0020961561240255833	
0.0	0.0020483657717704773	
1.0	0.981764018535614	
0.0	0.0020483657717704773	
0.0	0.0013314354000613093	
0.0	0.002227403922006488	
0.0	0.002183474600315094	
0.0	0.001914234017021954	
0.0	0.0017880949890241027	
1.0	0.9807267785072327	
0.0	0.008041136898100376	
0.0	0.0019401614554226398	
0.0	0.0014719904866069555	
0.0	0.006886607501655817	
0.0	0.0016174050979316235	
0.0	0.0017076398944482207	
0.0	0.002183474600315094	
0.0	0.001405738410539925	
0.0	0.0014719904866069555	
0.0	0.0017880949890241027	
0.0	0.0019401614554226398	
1.0	0.9818281531333923	
0.0	0.0016936161555349827	
0.0	0.0014719904866069555	
1.0	0.980908989906311	
0.0	0.0020483657717704773	
0.0	0.0013941904762759805	
1.0	0.9821120500564575	
0.0	0.0014719904866069555	
0.0	0.002020995132625103	
0.0	0.0013941904762759805	
1.0	0.9827028512954712	
0.0	0.0014719904866069555	
0.0	0.002213041065260768	
0.0	0.0014719904866069555	
0.0	0.0014719904866069555	
1.0	0.9807337522506714	
0.0	0.003184414468705654	
0.0	0.0016174050979316235	
0.0	0.0016174050979316235	
0.0	0.0017880949890241027	
0.0	0.0017880949890241027	
0.0	0.0020483657717704773	
0.0	0.0021097620483487844	
1.0	0.9821120500564575	
1.0	0.9831356406211853	
0.0	0.0019401614554226398	
0.0	0.0029456892516463995	
0.0	0.0020961561240255833	
0.0	0.001914234017021954	
0.0	0.0016936161555349827	
0.0	0.0013314354000613093	
0.0	0.0019401614554226398	
0.0	0.006444431841373444	
0.0	0.0016174050979316235	
0.0	0.002227403922006488	
0.0	0.001914234017021954	
0.0	0.0017076398944482207	
0.0	0.0029456892516463995	
0.0	0.0017880949890241027	
0.0	0.0013314354000613093	
0.0	0.008486699312925339	
0.0	0.002183474600315094	
0.0	0.0013314354000613093	
0.0	0.0016936161555349827	
0.0	0.0019401614554226398	
0.0	0.0017880949890241027	
0.0	0.002227403922006488	
0.0	0.0020483657717704773	
0.0	0.002227403922006488	
0.0	0.023558812215924263	
0.0	0.0017880949890241027	
0.0	0.00677009392529726	
0.0	0.002183474600315094	
1.0	0.981423020362854	
0.0	0.002183474600315094	
1.0	0.9824507832527161	
0.0	0.0036924073938280344	
0.0	0.0021097620483487844	
0.0	0.002020995132625103	
0.0	0.006310712546110153	
0.0	0.0020681482274085283	
0.0	0.003184414468705654	
0.0	0.0033277468755841255	
0.0	0.0023836588952690363	
0.0	0.0029456892516463995	
0.0	0.0019401614554226398	
1.0	0.9805487394332886	
0.0	0.0033277468755841255	
0.0	0.0020681482274085283	
0.0	0.0029456892516463995	
1.0	0.9802024960517883	
0.0	0.0021097620483487844	
0.0	0.0020483657717704773	
0.0	0.001405738410539925	
0.0	0.0021097620483487844	
0.0	0.0021097620483487844	
0.0	0.0032686206977814436	
0.0	0.0020681482274085283	
0.0	0.0016936161555349827	
0.0	0.0022863615304231644	
0.0	0.0020681482274085283	
0.0	0.0013314354000613093	
0.0	0.003597323317080736	
0.0	0.003597323317080736	
1.0	0.9824507832527161	
0.0	0.0017880949890241027	
0.0	0.001405738410539925	
0.0	0.0033277468755841255	
0.0	0.002183474600315094	
1.0	0.981423020362854	
0.0	0.002227403922006488	
0.0	0.0021097620483487844	
0.0	0.0020681482274085283	
0.0	0.0029456892516463995	
0.0	0.002020995132625103	
0.0	0.0013314354000613093	
0.0	0.0019401614554226398	
0.0	0.0016936161555349827	
1.0	0.9831356406211853	
0.0	0.001405738410539925	
0.0	0.0033277468755841255	
0.0	0.003184414468705654	
0.0	0.0013314354000613093	
0.0	0.0025165346451103687	
0.0	0.0021097620483487844	
0.0	0.001405738410539925	
0.0	0.003184414468705654	
0.0	0.0022863615304231644	
0.0	0.0016174050979316235	
0.0	0.0020961561240255833	
0.0	0.0013941904762759805	
0.0	0.0029456892516463995	
0.0	0.003184414468705654	
0.0	0.0021097620483487844	
0.0	0.002227403922006488	
1.0	0.981423020362854	
0.0	0.0023836588952690363	
0.0	0.0033277468755841255	
0.0	0.003184414468705654	
0.0	0.003184414468705654	
0.0	0.0036924073938280344	
1.0	0.9820257425308228	
0.0	0.0033277468755841255	
0.0	0.0023836588952690363	
0.0	0.003184414468705654	
0.0	0.0029456892516463995	
0.0	0.0021097620483487844	
0.0	0.0021097620483487844	
0.0	0.0021097620483487844	
0.0	0.002227403922006488	
0.0	0.0033277468755841255	
0.0	0.0029456892516463995	
0.0	0.003597323317080736	
0.0	0.0032686206977814436	
0.0	0.003597323317080736	
0.0	0.0022863615304231644	
0.0	0.002227403922006488	
0.0	0.003184414468705654	
0.0	0.0025831256061792374	
0.0	0.0023836588952690363	
0.0	0.0032686206977814436	
0.0	0.0025165346451103687	
0.0	0.0029456892516463995	
0.0	0.0029456892516463995	
0.0	0.0033277468755841255	
0.0	0.003184414468705654	
0.0	0.003184414468705654	
0.0	0.0033277468755841255	
0.0	0.0016174050979316235	
0.0	0.0021097620483487844	
0.0	0.0023836588952690363	
0.0	0.002227403922006488	
0.0	0.0025165346451103687	
0.0	0.002227403922006488	
1.0	0.9879435300827026	
0.0	0.0033277468755841255	
0.0	0.0021097620483487844	
0.0	0.0033277468755841255	
0.0	0.0021097620483487844	
0.0	0.003597323317080736	
0.0	0.0025165346451103687	
0.0	0.0033277468755841255	
0.0	0.003597323317080736	
0.0	0.0025165346451103687	
0.0	0.0033277468755841255	
0.0	0.0023836588952690363	
0.0	0.0023836588952690363	
0.0	0.0025165346451103687	
1.0	0.9816535115242004	
0.0	0.0023836588952690363	
0.0	0.003184414468705654	
0.0	0.002227403922006488	
0.0	0.0013941904762759805	
0.0	0.0022863615304231644	
1.0	0.9802024960517883	
0.0	0.0029456892516463995	
0.0	0.003184414468705654	
0.0	0.0036924073938280344	
0.0	0.0023836588952690363	
0.0	0.003184414468705654	
0.0	0.0029456892516463995	
0.0	0.0025165346451103687	
0.0	0.0021097620483487844	
0.0	0.003184414468705654	
0.0	0.0021097620483487844	
0.0	0.0013314354000613093	
0.0	0.003184414468705654	
0.0	0.003184414468705654	
0.0	0.0025165346451103687	
1.0	0.9816600680351257	
0.0	0.0016936161555349827	
0.0	0.003184414468705654	
1.0	0.980946958065033	
0.0	0.0029456892516463995	
0.0	0.0016174050979316235	
0.0	0.003184414468705654	
0.0	0.003184414468705654	
0.0	0.0033277468755841255	
1.0	0.988865315914154	
0.0	0.003184414468705654	
0.0	0.0025165346451103687	
0.0	0.0025165346451103687	
1.0	0.9986172914505005	
0.0	0.003184414468705654	
0.0	0.0029456892516463995	
0.0	0.0033277468755841255	
0.0	0.0021097620483487844	
0.0	0.002227403922006488	
0.0	0.0033277468755841255	
0.0	0.0033277468755841255	
0.0	0.0033277468755841255	
0.0	0.0032686206977814436	
0.0	0.002227403922006488	
0.0	0.0023836588952690363	
0.0	0.003597323317080736	
0.0	0.0025165346451103687	
0.0	0.0033277468755841255	
0.0	0.0029456892516463995	
0.0	0.0022863615304231644	
0.0	0.0029456892516463995	
0.0	0.0033277468755841255	
0.0	0.0025165346451103687	
0.0	0.0023836588952690363	
0.0	0.0021097620483487844	
0.0	0.0033277468755841255	
0.0	0.0029456892516463995	
0.0	0.0033277468755841255	
0.0	0.0029456892516463995	
0.0	0.003597323317080736	
0.0	0.0033277468755841255	
0.0	0.0021097620483487844	
0.0	0.0022863615304231644	
0.0	0.003184414468705654	
0.0	0.0023836588952690363	
0.0	0.003597323317080736	
0.0	0.0021097620483487844	
0.0	0.0029456892516463995	
0.0	0.003184414468705654	
0.0	0.0021097620483487844	
0.0	0.003184414468705654	
0.0	0.0022863615304231644	
0.0	0.0023836588952690363	
0.0	0.0022863615304231644	
0.0	0.0013941904762759805	
0.0	0.0025165346451103687	
0.0	0.0022863615304231644	
0.0	0.0033277468755841255	
0.0	0.003184414468705654	
0.0	0.0029456892516463995	
0.0	0.0021097620483487844	
0.0	0.0025165346451103687	
0.0	0.003597323317080736	
0.0	0.0021097620483487844	
0.0	0.0033277468755841255	
0.0	0.0017880949890241027	
0.0	0.0023836588952690363	
1.0	0.9897705316543579	
0.0	0.0023836588952690363	
0.0	0.0033277468755841255	
0.0	0.0029456892516463995	
0.0	0.0022863615304231644	
0.0	0.0017880949890241027	
0.0	0.0022863615304231644	
0.0	0.0029456892516463995	
0.0	0.0029456892516463995	
0.0	0.003184414468705654	
0.0	0.0023836588952690363	
0.0	0.003597323317080736	
0.0	0.0022863615304231644	
0.0	0.0021097620483487844	
0.0	0.0025165346451103687	
0.0	0.002227403922006488	
0.0	0.0025165346451103687	
1.0	0.9847602248191833	
0.0	0.0032686206977814436	
0.0	0.0036924073938280344	
0.0	0.002227403922006488	
0.0	0.0025165346451103687	
0.0	0.003597323317080736	
0.0	0.0021097620483487844	
0.0	0.0025165346451103687	
0.0	0.0023836588952690363	
0.0	0.0025165346451103687	
0.0	0.0023836588952690363	
0.0	0.0021097620483487844	
0.0	0.0025165346451103687	
0.0	0.003597323317080736	
0.0	0.0023836588952690363	
0.0	0.0021097620483487844	
0.0	0.003184414468705654	
0.0	0.003597323317080736	
1.0	0.9984003901481628	
0.0	0.0023836588952690363	
0.0	0.0029456892516463995	
0.0	0.0025831256061792374	
0.0	0.0029456892516463995	
0.0	0.0032686206977814436	
0.0	0.0032686206977814436	
0.0	0.0023836588952690363	
1.0	0.9871509075164795	
0.0	0.0022863615304231644	
0.0	0.0023836588952690363	
1.0	0.9931108951568604	
0.0	0.0033277468755841255	
1.0	0.9982905983924866	
1.0	0.9986715316772461	
0.0	0.0025831256061792374	
1.0	0.9986715316772461	
1.0	0.9986715316772461	
1.0	0.9982207417488098	
0.0	0.0029456892516463995	
1.0	0.9894548654556274	
0.0	0.0032686206977814436	
0.0	0.0025831256061792374	
0.0	0.0025831256061792374	
1.0	0.9934431314468384	
1.0	0.9895746111869812	
0.0	0.003597323317080736	
0.0	0.0029456892516463995	
0.0	0.0025831256061792374	
0.0	0.0025831256061792374	
1.0	0.9931755661964417	
0.0	0.0029456892516463995	
0.0	0.0022863615304231644	
0.0	0.0023836588952690363	
0.0	0.0021097620483487844	
1.0	0.9984003901481628	
0.0	0.0033277468755841255	
0.0	0.0036924073938280344	
1.0	0.9905852675437927	
0.0	0.0023836588952690363	
1.0	0.9982905983924866	
0.0	0.0023836588952690363	
0.0	0.0036924073938280344	
0.0	0.0025831256061792374	
0.0	0.0029456892516463995	
1.0	0.997941792011261	
0.0	0.003184414468705654	
1.0	0.9871509075164795	
0.0	0.0033277468755841255	
1.0	0.9986715316772461	
0.0	0.0021097620483487844	
1.0	0.9984003901481628	
0.0	0.0025165346451103687	
0.0	0.0033277468755841255	
1.0	0.9984003901481628	
0.0	0.0025831256061792374	
0.0	0.0036924073938280344	
0.0	0.002227403922006488	
0.0	0.0025831256061792374	
0.0	0.0023836588952690363	
0.0	0.0032686206977814436	
1.0	0.9904470443725586	
0.0	0.0033277468755841255	
1.0	0.9857245683670044	
0.0	0.0036924073938280344	
0.0	0.003184414468705654	
1.0	0.9897705316543579	
0.0	0.0021097620483487844	
1.0	0.9935383200645447	
0.0	0.0025831256061792374	
0.0	0.0025165346451103687	
0.0	0.0023836588952690363	
0.0	0.0025831256061792374	
1.0	0.9879435300827026	
0.0	0.0023836588952690363	
0.0	0.0025831256061792374	
1.0	0.9982905983924866	
1.0	0.9836877584457397	
1.0	0.9871509075164795	
0.0	0.0029456892516463995	
0.0	0.0025831256061792374	
1.0	0.9982905983924866	
1.0	0.9836877584457397	
0.0	0.0022863615304231644	
1.0	0.9874873161315918	
0.0	0.003184414468705654	
0.0	0.0025831256061792374	
1.0	0.9986715316772461	
0.0	0.003597323317080736	
0.0	0.0036924073938280344	
1.0	0.9866650104522705	
0.0	0.0025831256061792374	
0.0	0.0022863615304231644	
0.0	0.0023836588952690363	
0.0	0.0025831256061792374	
1.0	0.9928423166275024	
0.0	0.0036924073938280344	
0.0	0.0025831256061792374	
0.0	0.0036924073938280344	
1.0	0.9894548654556274	
0.0	0.0025831256061792374	
1.0	0.9894548654556274	
0.0	0.0032686206977814436	
1.0	0.9931108951568604	
0.0	0.0036924073938280344	
0.0	0.0032686206977814436	
1.0	0.9986715316772461	
0.0	0.0033277468755841255	
1.0	0.997941792011261	
0.0	0.0029456892516463995	
0.0	0.0032686206977814436	
0.0	0.0033277468755841255	
0.0	0.002227403922006488	
0.0	0.0036924073938280344	
0.0	0.0025831256061792374	
0.0	0.0033277468755841255	
0.0	0.0025831256061792374	
1.0	0.9984003901481628	
0.0	0.0025831256061792374	
1.0	0.9986715316772461	
0.0	0.0033277468755841255	
0.0	0.0023836588952690363	
1.0	0.9982905983924866	
0.0	0.0036924073938280344	
1.0	0.9857245683670044	
0.0	0.0036924073938280344	
0.0	0.0033277468755841255	
0.0	0.0029456892516463995	
0.0	0.0023836588952690363	
1.0	0.9892542362213135	
0.0	0.0023836588952690363	
0.0	0.0032686206977814436	
0.0	0.003184414468705654	
1.0	0.9986172914505005	
1.0	0.9986715316772461	
0.0	0.0033277468755841255	
0.0	0.0023836588952690363	
0.0	0.0023836588952690363	
0.0	0.0023836588952690363	
1.0	0.9986715316772461	
0.0	0.0033277468755841255	
0.0	0.0033277468755841255	
1.0	0.9986715316772461	
1.0	0.9888371229171753	
0.0	0.0032686206977814436	
0.0	0.0029456892516463995	
0.0	0.0032686206977814436	
0.0	0.0023836588952690363	
0.0	0.002227403922006488	
0.0	0.0023836588952690363	
0.0	0.0033277468755841255	
1.0	0.9984003901481628	
0.0	0.0033277468755841255	
0.0	0.0033277468755841255	
0.0	0.0023836588952690363	
0.0	0.0023836588952690363	
0.0	0.0023836588952690363	
0.0	0.0025831256061792374	
0.0	0.0036924073938280344	
0.0	0.0022863615304231644	
1.0	0.9928423166275024	
1.0	0.9982905983924866	
1.0	0.9894548654556274	
0.0	0.0032686206977814436	
0.0	0.0023836588952690363	
0.0	0.0025831256061792374	
0.0	0.0023836588952690363	
0.0	0.0032686206977814436	
0.0	0.0021097620483487844	
0.0	0.0025831256061792374	
0.0	0.0025831256061792374	
0.0	0.0021097620483487844	
0.0	0.0023836588952690363	
1.0	0.9986172914505005	
1.0	0.9986172914505005	
1.0	0.9928423166275024	
1.0	0.9866042137145996	
0.0	0.0025831256061792374	
1.0	0.9899185299873352	
0.0	0.0023836588952690363	
1.0	0.9986172914505005	
0.0	0.0032686206977814436	
1.0	0.9982905983924866	
1.0	0.997941792011261	
0.0	0.0025831256061792374	
0.0	0.002227403922006488	
1.0	0.9986172914505005	
0.0	0.0032686206977814436	
1.0	0.9984003901481628	
1.0	0.9986715316772461	
0.0	0.0033277468755841255	
1.0	0.9982905983924866	
1.0	0.9982905983924866	
1.0	0.9887603521347046	
1.0	0.9986715316772461	
1.0	0.997941792011261	
0.0	0.0029456892516463995	
1.0	0.992475688457489	
1.0	0.9984003901481628	
1.0	0.9982905983924866	
1.0	0.9986715316772461	
1.0	0.9986715316772461	
1.0	0.9984003901481628	
1.0	0.9982905983924866	
1.0	0.9871509075164795	
1.0	0.9986715316772461	
1.0	0.9982905983924866	
1.0	0.9986715316772461	
1.0	0.9982207417488098	
0.0	0.0023836588952690363	
1.0	0.9905852675437927	
1.0	0.9836877584457397	
1.0	0.9984003901481628	
0.0	0.0036924073938280344	
1.0	0.9879435300827026	
0.0	0.0021097620483487844	
0.0	0.0025831256061792374	
1.0	0.997941792011261	
1.0	0.9984003901481628	
1.0	0.9984003901481628	
1.0	0.9986715316772461	
0.0	0.0029456892516463995	
1.0	0.9984003901481628	
1.0	0.9986172914505005	
0.0	0.0021097620483487844	
0.0	0.0033277468755841255	
1.0	0.9982905983924866	
1.0	0.9986715316772461	
1.0	0.9986715316772461	
1.0	0.9986715316772461	
1.0	0.9982905983924866	
1.0	0.9984003901481628	
0.0	0.0036924073938280344	
1.0	0.9984003901481628	
1.0	0.9984003901481628	
1.0	0.9982905983924866	
0.0	0.0029456892516463995	
0.0	0.0033277468755841255	
0.0	0.0029456892516463995	
0.0	0.08309536427259445	
1.0	0.9982905983924866	
0.0	0.0025831256061792374	
1.0	0.9982207417488098	
0.0	0.0023836588952690363	
1.0	0.9984003901481628	
1.0	0.9982905983924866	
1.0	0.9982905983924866	
1.0	0.9982207417488098	
1.0	0.9984003901481628	
1.0	0.9982905983924866	
1.0	0.997941792011261	
0.0	0.0033277468755841255	
1.0	0.9986715316772461	
1.0	0.9986715316772461	
1.0	0.9982905983924866	
1.0	0.9982207417488098	
1.0	0.9986715316772461	
1.0	0.9986172914505005	
1.0	0.9982905983924866	
1.0	0.9986172914505005	
1.0	0.9982905983924866	
1.0	0.997941792011261	
1.0	0.9986172914505005	
1.0	0.997941792011261	
1.0	0.9982905983924866	
1.0	0.9982905983924866	
1.0	0.9984003901481628	
1.0	0.9986715316772461	
1.0	0.9982905983924866	
1.0	0.9982207417488098	
1.0	0.9986715316772461	
1.0	0.9982905983924866	
1.0	0.9982207417488098	
1.0	0.997941792011261	
1.0	0.9986715316772461	
1.0	0.997941792011261	
1.0	0.997941792011261	
0.0	0.0060059609822928905	
1.0	0.997941792011261	
1.0	0.9984003901481628	
1.0	0.9986715316772461	
1.0	0.9986715316772461	
1.0	0.9982207417488098	
1.0	0.9986172914505005	
0.0	0.0420580729842186	
1.0	0.9982905983924866	
1.0	0.9982905983924866	
1.0	0.9984003901481628	
1.0	0.9984003901481628	
1.0	0.9982207417488098	
1.0	0.9984003901481628	
1.0	0.9982905983924866	
1.0	0.9986715316772461	
1.0	0.9982905983924866	
1.0	0.9982905983924866	
1.0	0.9986715316772461	
1.0	0.997941792011261	
1.0	0.9984003901481628	
1.0	0.9982207417488098	
1.0	0.9982207417488098	
1.0	0.997941792011261	
1.0	0.9986172914505005	
1.0	0.9984003901481628	
1.0	0.9986715316772461	
1.0	0.9986715316772461	
1.0	0.9984003901481628	
1.0	0.9986715316772461	
1.0	0.9986172914505005	
1.0	0.9984003901481628	
1.0	0.9982905983924866	
1.0	0.997941792011261	
1.0	0.9982207417488098	
1.0	0.9982207417488098	
1.0	0.9986715316772461	
0.0	0.005662696901708841	
1.0	0.9986715316772461	
1.0	0.9986715316772461	
1.0	0.9986172914505005	
1.0	0.997941792011261	
1.0	0.9982905983924866	
1.0	0.997941792011261	
1.0	0.9982905983924866	
1.0	0.9982905983924866	
1.0	0.997941792011261	
1.0	0.9982207417488098	
1.0	0.9986715316772461	
1.0	0.9986715316772461	
1.0	0.997941792011261	
1.0	0.9893938302993774	
1.0	0.9984003901481628	
1.0	0.9982207417488098	
1.0	0.9982905983924866	
1.0	0.9982905983924866	
1.0	0.9986715316772461	
1.0	0.9982905983924866	
1.0	0.9982905983924866	
1.0	0.997941792011261	
1.0	0.9984003901481628	
1.0	0.9986715316772461	
1.0	0.997941792011261	
1.0	0.9986715316772461	
1.0	0.997941792011261	
1.0	0.997941792011261	
1.0	0.9919072389602661	
1.0	0.9982905983924866	
0.0	0.005662696901708841	
1.0	0.997817873954773	
1.0	0.9986172914505005	
1.0	0.9986172914505005	
1.0	0.9929094910621643	
1.0	0.997941792011261	
1.0	0.9986715316772461	
1.0	0.9984003901481628	
1.0	0.9982905983924866	
1.0	0.997941792011261	
0.0	0.006164316087961197	
1.0	0.9986172914505005	
1.0	0.9982905983924866	
1.0	0.9984003901481628	
0.0	0.0036924073938280344	
1.0	0.9982905983924866	
1.0	0.9535014033317566	
1.0	0.9897705316543579	
1.0	0.9982905983924866	
1.0	0.9982905983924866	
1.0	0.9986172914505005	
1.0	0.9984003901481628	
1.0	0.9986715316772461	
1.0	0.9982905983924866	
1.0	0.9986715316772461	
0.0	0.006164316087961197	
1.0	0.9984003901481628	
1.0	0.9986715316772461	
1.0	0.9986172914505005	
1.0	0.9986715316772461	
1.0	0.9984003901481628	
1.0	0.9986715316772461	
1.0	0.9982905983924866	
1.0	0.9982207417488098	
1.0	0.9982905983924866	
1.0	0.9986715316772461	
0.0	0.006164316087961197	
1.0	0.9982207417488098	
1.0	0.9986715316772461	
1.0	0.9984003901481628	
1.0	0.9924828410148621	
1.0	0.9928423166275024	
1.0	0.9982207417488098	
1.0	0.9986715316772461	
1.0	0.997941792011261	
1.0	0.997941792011261	
1.0	0.9982905983924866	
1.0	0.997941792011261	
1.0	0.9982905983924866	
1.0	0.9924044013023376	
1.0	0.9986172914505005	
0.0	0.005662696901708841	
1.0	0.9982905983924866	
1.0	0.9984003901481628	
1.0	0.990698516368866	
0.0	0.08763968199491501	
1.0	0.9982207417488098	
1.0	0.997941792011261	
1.0	0.9982905983924866	
0.0	0.005662696901708841	
1.0	0.9922045469284058	
1.0	0.9917721152305603	
1.0	0.9923614263534546	
1.0	0.9921602606773376	
0.0	0.006164316087961197	
1.0	0.9982905983924866	
0.0	0.005662696901708841	
1.0	0.9982905983924866	
0.0	0.0060059609822928905	
0.0	0.006164316087961197	
1.0	0.9982207417488098	
1.0	0.9898012280464172	
0.0	0.07628136873245239	
0.0	0.006164316087961197	
1.0	0.9890945553779602	
1.0	0.9984003901481628	
1.0	0.9984003901481628	
1.0	0.9972437620162964	
1.0	0.9344730973243713	
0.0	0.005662696901708841	
0.0	0.005662696901708841	
1.0	0.9987008571624756	
0.0	0.005662696901708841	
0.0	0.0060059609822928905	
1.0	0.9986172914505005	
0.0	0.08108486980199814	
1.0	0.9344466328620911	
1.0	0.9986715316772461	
1.0	0.9986715316772461	
1.0	0.9917721152305603	
1.0	0.944742739200592	
1.0	0.9908509850502014	
1.0	0.9017051458358765	
1.0	0.990034282207489	
1.0	0.9909366965293884	
1.0	0.992475688457489	
1.0	0.9982905983924866	
1.0	0.9899682402610779	
1.0	0.9899682402610779	
0.0	0.006164316087961197	
0.0	0.0060059609822928905	
1.0	0.9900622367858887	
0.0	0.07519284635782242	
1.0	0.9986715316772461	
1.0	0.9535014033317566	
1.0	0.9978495836257935	
1.0	0.990345299243927	
1.0	0.9922338724136353	
1.0	0.9986172914505005	
1.0	0.9151554703712463	
0.0	0.1571151316165924	
0.0	0.08552949130535126	
1.0	0.9151554703712463	
0.0	0.005517156329005957	
0.0	0.005662696901708841	
0.0	0.08309536427259445	
0.0	0.006164316087961197	
1.0	0.997941792011261	
1.0	0.9218253493309021	
0.0	0.006164316087961197	
1.0	0.9899875521659851	
1.0	0.9983989596366882	
1.0	0.9985729455947876	
0.0	0.005517156329005957	
1.0	0.9896650910377502	
1.0	0.9897617697715759	
1.0	0.9984003901481628	
1.0	0.997817873954773	
0.0	0.005662696901708841	
1.0	0.9986715316772461	
1.0	0.9922776222229004	
0.0	0.006164316087961197	
1.0	0.9901275634765625	
1.0	0.9344730973243713	
1.0	0.9447643756866455	
1.0	0.9891965389251709	
1.0	0.9906105399131775	
1.0	0.9921602606773376	
1.0	0.9920282959938049	
0.0	0.05920054391026497	
0.0	0.06949806958436966	
1.0	0.9976430535316467	
1.0	0.9984003901481628	
0.0	0.005517156329005957	
1.0	0.9416027665138245	
1.0	0.9916942715644836	
0.0	0.005517156329005957	
1.0	0.9983989596366882	
1.0	0.9890945553779602	
0.0	0.0060059609822928905	
1.0	0.9985729455947876	
1.0	0.9983989596366882	
1.0	0.9985729455947876	
0.0	0.10291966050863266	
1.0	0.9252811074256897	
1.0	0.9982905983924866	
1.0	0.9982207417488098	
1.0	0.9985729455947876	
1.0	0.997817873954773	
1.0	0.9984003901481628	
1.0	0.9922119379043579	
1.0	0.9929450154304504	
0.0	0.005662696901708841	
1.0	0.9924044013023376	
1.0	0.9984003901481628	
1.0	0.9985729455947876	
1.0	0.9894930124282837	
0.0	0.005517156329005957	
1.0	0.9919072389602661	
1.0	0.9922776222229004	
1.0	0.9017051458358765	
1.0	0.9893733859062195	
0.0	0.005662696901708841	
1.0	0.9897724986076355	
0.0	0.08552949130535126	
0.0	0.12219709903001785	
1.0	0.9985729455947876	
1.0	0.9972437620162964	
1.0	0.9918185472488403	
0.0	0.005662696901708841	
0.0	0.005517156329005957	
1.0	0.9899682402610779	
1.0	0.9979495406150818	
1.0	0.9899682402610779	
0.0	0.08552949130535126	
0.0	0.0060059609822928905	
1.0	0.990034282207489	
0.0	0.006164316087961197	
1.0	0.9900533556938171	
1.0	0.929271399974823	
1.0	0.916380763053894	
1.0	0.9929049611091614	
0.0	0.04137103259563446	
1.0	0.9985729455947876	
0.0	0.07765552401542664	
1.0	0.9344466328620911	
1.0	0.9984003901481628	
1.0	0.9985729455947876	
1.0	0.9985729455947876	
1.0	0.9986715316772461	
1.0	0.9919528365135193	
1.0	0.9218551516532898	
1.0	0.9983989596366882	
0.0	0.06016509234905243	
0.0	0.054590415209531784	
1.0	0.997941792011261	
0.0	0.052735477685928345	
0.0	0.006164316087961197	
1.0	0.916380763053894	
1.0	0.9368942379951477	
1.0	0.9924545288085938	
1.0	0.9905925393104553	
1.0	0.9985729455947876	
1.0	0.9252811074256897	
1.0	0.990698516368866	
0.0	0.0060059609822928905	
1.0	0.9982905983924866	
1.0	0.9928377270698547	
1.0	0.9508138298988342	
1.0	0.9368942379951477	
1.0	0.9987008571624756	
1.0	0.9922559261322021	
0.0	0.005662696901708841	
1.0	0.9077123999595642	
0.0	0.05920054391026497	
1.0	0.9986715316772461	
1.0	0.9982905983924866	
1.0	0.9985729455947876	
1.0	0.9986172914505005	
1.0	0.9890945553779602	
0.0	0.0420580729842186	
0.0	0.006164316087961197	
1.0	0.9984003901481628	
1.0	0.997941792011261	
1.0	0.9901275634765625	
1.0	0.997941792011261	
1.0	0.9218253493309021	
0.0	0.06016509234905243	
1.0	0.9982905983924866	
1.0	0.9976430535316467	
1.0	0.9979495406150818	
1.0	0.9980133771896362	
1.0	0.9985729455947876	
1.0	0.9983989596366882	
1.0	0.9982858300209045	
1.0	0.9985729455947876	
1.0	0.9985729455947876	
1.0	0.9983989596366882	
1.0	0.9985729455947876	
1.0	0.9979960918426514	
1.0	0.9985729455947876	
1.0	0.9982858300209045	
1.0	0.9983989596366882	
1.0	0.9980422258377075	
1.0	0.9976430535316467	
1.0	0.9981757402420044	
1.0	0.9979960918426514	
1.0	0.9985729455947876	
1.0	0.9980422258377075	
1.0	0.9979960918426514	
1.0	0.9978495836257935	
1.0	0.9985729455947876	
1.0	0.9985729455947876	
1.0	0.9987008571624756	
1.0	0.9982858300209045	
1.0	0.9981757402420044	
1.0	0.9983989596366882	
1.0	0.9981169700622559	
1.0	0.9972437620162964	
1.0	0.9979793429374695	
1.0	0.9986311793327332	
1.0	0.9974687099456787	
1.0	0.9974687099456787	
1.0	0.9972437620162964	
1.0	0.9979960918426514	
1.0	0.9985729455947876	
1.0	0.9987008571624756	
1.0	0.9982858300209045	
1.0	0.9981169700622559	
1.0	0.9985729455947876	
1.0	0.997817873954773	
1.0	0.9985729455947876	
1.0	0.9985729455947876	
1.0	0.9987008571624756	
1.0	0.9985729455947876	
1.0	0.9982858300209045	
1.0	0.9983989596366882	
1.0	0.9986311793327332	
1.0	0.9986311793327332	
1.0	0.9985729455947876	
1.0	0.9985729455947876	
1.0	0.9981169700622559	
1.0	0.9985729455947876	
1.0	0.9974687099456787	
1.0	0.9985729455947876	
1.0	0.9987008571624756	
1.0	0.9986311793327332	
1.0	0.9980422258377075	
1.0	0.9985729455947876	
1.0	0.9985729455947876	
1.0	0.9987008571624756	
1.0	0.9982858300209045	
1.0	0.9981604218482971	
1.0	0.9987008571624756	
1.0	0.9981604218482971	
1.0	0.9983989596366882	
1.0	0.9981333613395691	
1.0	0.9979960918426514	
1.0	0.9978495836257935	
1.0	0.9985729455947876	
1.0	0.9987008571624756	
1.0	0.9987008571624756	
1.0	0.9985729455947876	
1.0	0.9985729455947876	
1.0	0.9987008571624756	
1.0	0.9986311793327332	
1.0	0.9978355765342712	
1.0	0.9986311793327332	
1.0	0.9985729455947876	
1.0	0.9981604218482971	
0.0	0.003670410718768835	
1.0	0.9986311793327332	
1.0	0.9985729455947876	
1.0	0.9981169700622559	
1.0	0.9981169700622559	
0.0	0.0024857339449226856	
1.0	0.9983989596366882	
1.0	0.997817873954773	
1.0	0.9981333613395691	
1.0	0.9981333613395691	
1.0	0.9986311793327332	
1.0	0.9985729455947876	
1.0	0.9979495406150818	
1.0	0.9976430535316467	
1.0	0.9987008571624756	
1.0	0.9979960918426514	
1.0	0.9985729455947876	
1.0	0.9980422258377075	
1.0	0.9986311793327332	
1.0	0.9979495406150818	
1.0	0.9983989596366882	
1.0	0.9985729455947876	
1.0	0.9983989596366882	
1.0	0.9976430535316467	
1.0	0.9980133771896362	
1.0	0.9979960918426514	
1.0	0.9985729455947876	
1.0	0.9974687099456787	
1.0	0.9976430535316467	
1.0	0.9981757402420044	
0.0	0.004455032292753458	
1.0	0.9972437620162964	
1.0	0.9983989596366882	
1.0	0.9980133771896362	
1.0	0.9981757402420044	
1.0	0.9979960918426514	
1.0	0.9979495406150818	
1.0	0.9983989596366882	
1.0	0.9979960918426514	
1.0	0.9985729455947876	
1.0	0.9974687099456787	
1.0	0.9980422258377075	
1.0	0.9974687099456787	
1.0	0.9983989596366882	
1.0	0.9974687099456787	
1.0	0.9979960918426514	
1.0	0.9974687099456787	
1.0	0.9983989596366882	
1.0	0.9979960918426514	
1.0	0.9987008571624756	
1.0	0.9985729455947876	
1.0	0.9985729455947876	
1.0	0.9979960918426514	
1.0	0.9987008571624756	
0.0	0.005336344707757235	
1.0	0.9974687099456787	
1.0	0.9972437620162964	
1.0	0.9982858300209045	
1.0	0.9972437620162964	
1.0	0.9986311793327332	
1.0	0.9982858300209045	
1.0	0.9974687099456787	
1.0	0.9986311793327332	
1.0	0.9985729455947876	
1.0	0.9983989596366882	
1.0	0.9981333613395691	
1.0	0.9981169700622559	
1.0	0.9985729455947876	
1.0	0.9986311793327332	
1.0	0.9979960918426514	
1.0	0.9985729455947876	
1.0	0.9985729455947876	
1.0	0.9985729455947876	
1.0	0.9985729455947876	
1.0	0.9983989596366882	
0.0	0.009278041310608387	
1.0	0.9981757402420044	
1.0	0.9982858300209045	
1.0	0.9982858300209045	
1.0	0.9981169700622559	
0.0	0.003117283573374152	
1.0	0.9983989596366882	
1.0	0.9981169700622559	
1.0	0.9985729455947876	
1.0	0.9987008571624756	
1.0	0.9983989596366882	
1.0	0.9979495406150818	
1.0	0.9985729455947876	
1.0	0.997817873954773	
1.0	0.9979960918426514	
1.0	0.9987008571624756	
1.0	0.9981169700622559	
1.0	0.9985729455947876	
1.0	0.9983989596366882	
0.0	0.009278041310608387	
1.0	0.9985729455947876	
1.0	0.9987008571624756	
1.0	0.9981757402420044	
1.0	0.9981169700622559	
1.0	0.9983989596366882	
1.0	0.9987008571624756	
1.0	0.9987008571624756	
1.0	0.9987008571624756	
1.0	0.9972437620162964	
1.0	0.9985729455947876	
1.0	0.9981169700622559	
1.0	0.9981169700622559	
0.0	0.004455032292753458	
0.0	0.011579359881579876	
0.0	0.002625170163810253	
1.0	0.9983989596366882	
1.0	0.9981169700622559	
0.0	0.010912363417446613	
1.0	0.9983989596366882	
1.0	0.9985729455947876	
1.0	0.9979960918426514	
1.0	0.9983989596366882	
1.0	0.9985729455947876	
1.0	0.9985729455947876	
1.0	0.9982858300209045	
0.0	0.05546169355511665	
1.0	0.9981169700622559	
1.0	0.9979960918426514	
1.0	0.9985729455947876	
1.0	0.9987008571624756	
0.0	0.009278041310608387	
1.0	0.9985729455947876	
1.0	0.9985729455947876	
1.0	0.9985729455947876	
1.0	0.9976430535316467	
1.0	0.9982858300209045	
0.0	0.0027487354818731546	
0.0	0.003075673943385482	
1.0	0.997817873954773	
0.0	0.02532731555402279	
1.0	0.9985729455947876	
1.0	0.9983989596366882	
0.0	0.004455032292753458	
0.0	0.002671965165063739	
1.0	0.9983989596366882	
1.0	0.9985729455947876	
0.0	0.0029271270614117384	
1.0	0.9987008571624756	
0.0	0.005336344707757235	
0.0	0.013072427362203598	
1.0	0.9986311793327332	
1.0	0.9981169700622559	
1.0	0.9972437620162964	
1.0	0.9978355765342712	
1.0	0.9979495406150818	
0.0	0.010912363417446613	
1.0	0.9985729455947876	
1.0	0.9981169700622559	
1.0	0.9979960918426514	
1.0	0.9979495406150818	
1.0	0.9978495836257935	
0.0	0.009278041310608387	
1.0	0.9985729455947876	
1.0	0.9976430535316467	
1.0	0.9987008571624756	
1.0	0.9983989596366882	
1.0	0.9983989596366882	
1.0	0.9972437620162964	
0.0	0.009278041310608387	
1.0	0.9974687099456787	
1.0	0.9981169700622559	
0.0	0.003236680058762431	
1.0	0.9979495406150818	
1.0	0.9987008571624756	
0.0	0.0029271270614117384	
1.0	0.9985729455947876	
0.0	0.0024857339449226856	
1.0	0.9987008571624756	
0.0	0.010912363417446613	
1.0	0.9985729455947876	
1.0	0.9986311793327332	
1.0	0.9985729455947876	
0.0	0.0024857339449226856	
1.0	0.9987008571624756	
1.0	0.9981757402420044	
1.0	0.9985729455947876	
0.0	0.009278041310608387	
1.0	0.9790024757385254	
0.0	0.0024857339449226856	
0.0	0.0024857339449226856	
1.0	0.9979960918426514	
1.0	0.9979960918426514	
0.0	0.005336344707757235	
1.0	0.9985729455947876	
1.0	0.9979960918426514	
1.0	0.9983989596366882	
0.0	0.0027487354818731546	
1.0	0.9978355765342712	
1.0	0.9985729455947876	
0.0	0.003117283573374152	
1.0	0.9978355765342712	
1.0	0.9985729455947876	
1.0	0.9979495406150818	
1.0	0.9985729455947876	
1.0	0.9985729455947876	
0.0	0.009278041310608387	
0.0	0.003117283573374152	
1.0	0.9978495836257935	
1.0	0.9983989596366882	
0.0	0.003236680058762431	
1.0	0.9974687099456787	
0.0	0.009278041310608387	
1.0	0.9979793429374695	
1.0	0.9987008571624756	
0.0	0.013072427362203598	
1.0	0.9981169700622559	
0.0	0.0024857339449226856	
1.0	0.9790024757385254	
1.0	0.997817873954773	
0.0	0.0027487354818731546	
0.0	0.005336344707757235	
0.0	0.004455032292753458	
1.0	0.9978495836257935	
1.0	0.9979793429374695	
0.0	0.009278041310608387	
1.0	0.9986311793327332	
0.0	0.0024857339449226856	
1.0	0.9983989596366882	
1.0	0.9987008571624756	
1.0	0.9986311793327332	
1.0	0.9974687099456787	
1.0	0.9974687099456787	
1.0	0.9974687099456787	
1.0	0.9790024757385254	
1.0	0.7914444804191589	
1.0	0.9972437620162964	
1.0	0.9986311793327332	
1.0	0.9979793429374695	
1.0	0.9986311793327332	
0.0	0.009278041310608387	
1.0	0.9972437620162964	
1.0	0.9985729455947876	
1.0	0.9979793429374695	
0.0	0.010912363417446613	
1.0	0.9983989596366882	
1.0	0.9983989596366882	
0.0	0.0024857339449226856	
1.0	0.9979960918426514	
0.0	0.002671965165063739	
0.0	0.009278041310608387	
1.0	0.9985729455947876	
1.0	0.9985729455947876	
0.0	0.05676312372088432	
1.0	0.9979960918426514	
1.0	0.9985729455947876	
1.0	0.9974687099456787	
0.0	0.003117283573374152	
0.0	0.010912363417446613	
1.0	0.9981169700622559	
0.0	0.003075673943385482	
1.0	0.9974687099456787	
1.0	0.7946192026138306	
0.0	0.009278041310608387	
1.0	0.9974687099456787	
0.0	0.005336344707757235	
1.0	0.9979960918426514	
1.0	0.9985729455947876	
1.0	0.9985729455947876	
1.0	0.9979793429374695	
0.0	0.004455032292753458	
1.0	0.9980422258377075	
0.0	0.0024857339449226856	
0.0	0.009278041310608387	
1.0	0.9985729455947876	
1.0	0.9979793429374695	
1.0	0.9982858300209045	
1.0	0.9987008571624756	
0.0	0.003117283573374152	
0.0	0.0030912477523088455	
0.0	0.0029271270614117384	
0.0	0.022466422989964485	
1.0	0.9978355765342712	
1.0	0.9981604218482971	
1.0	0.9972437620162964	
1.0	0.9985729455947876	
0.0	0.024688908830285072	
1.0	0.7946192026138306	
1.0	0.9987008571624756	
1.0	0.9981169700622559	
0.0	0.021334223449230194	
0.0	0.0024857339449226856	
0.0	0.010912363417446613	
1.0	0.9983989596366882	
1.0	0.9981757402420044	
1.0	0.9983989596366882	
0.0	0.0030912477523088455	
0.0	0.010912363417446613	
0.0	0.009278041310608387	
0.0	0.002625170163810253	
1.0	0.9987008571624756	
1.0	0.9985729455947876	
0.0	0.0032016783952713013	
1.0	0.9981169700622559	
1.0	0.9985729455947876	
1.0	0.9987008571624756	
0.0	0.003075673943385482	
1.0	0.9981169700622559	
0.0	0.0024857339449226856	
0.0	0.003075673943385482	
1.0	0.9790024757385254	
0.0	0.005336344707757235	
0.0	0.005336344707757235	
0.0	0.009278041310608387	
0.0	0.0024857339449226856	
1.0	0.9979793429374695	
0.0	0.005336344707757235	
1.0	0.9979793429374695	
0.0	0.009278041310608387	
1.0	0.9979960918426514	
0.0	0.0024857339449226856	
1.0	0.9982858300209045	
0.0	0.009278041310608387	
1.0	0.9985729455947876	
1.0	0.9986311793327332	
1.0	0.9983989596366882	
0.0	0.04936932399868965	
1.0	0.9983989596366882	
1.0	0.9982858300209045	
1.0	0.9986311793327332	
0.0	0.0024857339449226856	
1.0	0.9983989596366882	
1.0	0.9981757402420044	
0.0	0.011882908642292023	
1.0	0.9972437620162964	
0.0	0.021898509934544563	
0.0	0.003670410718768835	
0.0	0.0024857339449226856	
0.0	0.010912363417446613	
1.0	0.997817873954773	
0.0	0.004455032292753458	
0.0	0.004455032292753458	
1.0	0.9986311793327332	
0.0	0.0027487354818731546	
0.0	0.05546169355511665	
0.0	0.0024857339449226856	
1.0	0.9987008571624756	
1.0	0.9981757402420044	
1.0	0.9978355765342712	
0.0	0.0032016783952713013	
1.0	0.9981169700622559	
1.0	0.9985729455947876	
0.0	0.002625170163810253	
0.0	0.011579359881579876	
1.0	0.9982858300209045	
0.0	0.005336344707757235	
1.0	0.9983989596366882	
1.0	0.9987008571624756	
0.0	0.004455032292753458	
0.0	0.004455032292753458	
0.0	0.010912363417446613	
1.0	0.9981604218482971	
0.0	0.010912363417446613	
0.0	0.009278041310608387	
0.0	0.009278041310608387	
0.0	0.003075673943385482	
1.0	0.9983989596366882	
0.0	0.0024857339449226856	
1.0	0.9979793429374695	
